% data = [ Temperatue(K) Pression  x_MTBE y_MTBE err_T err_x err_y]

data = [337.05	101.32	0.0071	0.0310	0.02	0.01	0.001	0.001
336.48	101.32	0.0141	0.0587	0.02	0.01	0.001	0.001
335.58	101.32	0.0276	0.1041	0.02	0.01	0.001	0.001
334.85	101.32	0.0383	0.1386	0.02	0.01	0.001	0.001
334.33	101.32	0.0468	0.1618	0.02	0.01	0.001	0.001
333.39	101.32	0.0637	0.2086	0.02	0.01	0.001	0.001
332.82	101.32	0.0737	0.2380	0.02	0.01	0.001	0.001
332.42	101.32	0.0824	0.2570	0.02	0.01	0.001	0.001
331.96	101.32	0.0920	0.2765	0.02	0.01	0.001	0.001
331.52	101.32	0.1020	0.2976	0.02	0.01	0.001	0.001
331.07	101.32	0.1143	0.3167	0.02	0.01	0.001	0.001
330.58	101.32	0.1274	0.3389	0.02	0.01	0.001	0.001
330.07	101.32	0.1423	0.3609	0.02	0.01	0.001	0.001
329.62	101.32	0.1565	0.3796	0.02	0.01	0.001	0.001
328.87	101.32	0.1845	0.4097	0.02	0.01	0.001	0.001
328.43	101.32	0.2037	0.4286	0.02	0.01	0.001	0.001
327.94	101.32	0.2257	0.4499	0.02	0.01	0.001	0.001
327.54	101.32	0.2467	0.4677	0.02	0.01	0.001	0.001
327.18	101.32	0.2683	0.4851	0.02	0.01	0.001	0.001
326.77	101.32	0.2933	0.5035	0.02	0.01	0.001	0.001
326.39	101.32	0.3207	0.5217	0.02	0.01	0.001	0.001
325.72	101.32	0.3824	0.5563	0.02	0.01	0.001	0.001
325.45	101.32	0.4142	0.5705	0.02	0.01	0.001	0.001
325.26	101.32	0.4373	0.5815	0.02	0.01	0.001	0.001
325.08	101.32	0.4638	0.5936	0.02	0.01	0.001	0.001
324.94	101.32	0.4874	0.6038	0.02	0.01	0.001	0.001
324.79	101.32	0.5169	0.6166	0.02	0.01	0.001	0.001
324.61	101.32	0.5561	0.6327	0.02	0.01	0.001	0.001
324.51	101.32	0.5859	0.6453	0.02	0.01	0.001	0.001
324.45	101.32	0.6073	0.6550	0.02	0.01	0.001	0.001
324.40	101.32	0.6327	0.6657	0.02	0.01	0.001	0.001
324.37	101.32	0.6560	0.6763	0.02	0.01	0.001	0.001
324.33	101.32	0.6789	0.6869	0.02	0.01	0.001	0.001
324.32	101.32	0.6906	0.6925	0.02	0.01	0.001	0.001
324.32	101.32	0.7008	0.6973	0.02	0.01	0.001	0.001
324.33	101.32	0.7092	0.7016	0.02	0.01	0.001	0.001
324.34	101.32	0.7203	0.7070	0.02	0.01	0.001	0.001
324.35	101.32	0.7230	0.7081	0.02	0.01	0.001	0.001
324.37	101.32	0.7443	0.7194	0.02	0.01	0.001	0.001
324.41	101.32	0.7696	0.7341	0.02	0.01	0.001	0.001
324.61	101.32	0.8189	0.7652	0.02	0.01	0.001	0.001
324.82	101.32	0.8473	0.7862	0.02	0.01	0.001	0.001
325.54	101.32	0.9114	0.8472	0.02	0.01	0.001	0.001
326.15	101.32	0.9441	0.8891	0.02	0.01	0.001	0.001
326.83	101.32	0.9717	0.9322	0.02	0.01	0.001	0.001
327.57	101.32	0.9953	0.9757	0.02	0.01	0.001	0.001];
